1016 0.0
898 0.0
862 0.0
858 0.0
849 0.0
797 0.0
759 0.0
755 0.0
748 0.0
744 0.0
741 0.0
739 0.0
734 0.0
731 0.0
725 0.0
700 0.0
699 0.0
698 0.0
686 0.0
685 0.0
681 0.0
672 0.0
671 0.0
669 0.0
665 0.0
663 0.0
659 0.0
654 0.0
652 0.0
645 0.0
642 0.0
641 0.0
637 0.0
625 0.0
619 0.0
614 0.0
608 0.0
599 0.0
598 0.0
597 0.0
596 0.0
594 0.0
592 0.0
589 0.0
586 0.0
581 0.0
578 0.0
576 0.0
574 0.0
572 0.0
571 0.0
570 0.0
569 0.0
565 0.0
562 0.0
561 0.0
558 0.0
557 0.0
556 0.0
555 0.0
552 0.0
550 0.0
543 0.0
540 0.001
539 0.0
536 0.0
533 0.0
532 0.0
529 0.0
528 0.0
527 0.0
526 0.001
523 0.0
521 0.0
518 0.0
515 0.001
514 0.0
513 0.0
512 0.0
506 0.0
501 0.0
500 0.0
499 0.0
497 0.0
496 0.0
495 0.0
492 0.0
490 0.0
489 0.0
488 0.0
485 0.0
483 0.0
481 0.001
479 0.0
478 0.0
476 0.001
473 0.0
470 0.0
468 0.0
467 0.001
466 0.0
465 0.0
464 0.0
463 0.0
462 0.001
459 0.0
458 0.0
457 0.0
454 0.0
453 0.0
452 0.0
450 0.001
449 0.0
448 0.0
447 0.0
446 0.0
444 0.0
443 0.0
442 0.0
441 0.0
440 0.0
439 0.0
438 0.0
437 0.001
435 0.001
434 0.001
433 0.001
432 0.001
431 0.0
430 0.0
429 0.001
428 0.001
426 0.0
425 0.0
424 0.001
423 0.0
422 0.0
421 0.0
420 0.001
419 0.0
418 0.0
417 0.001
416 0.0
415 0.001
414 0.0
412 0.0
411 0.0
410 0.001
409 0.0
408 0.0
407 0.0
406 0.0
404 0.0
403 0.0
402 0.001
401 0.001
399 0.0
398 0.001
397 0.0
395 0.0
394 0.0
393 0.0
391 0.001
390 0.001
389 0.001
388 0.001
387 0.0
386 0.001
385 0.0
384 0.001
383 0.0
382 0.001
381 0.001
380 0.0
379 0.001
378 0.0
377 0.0
376 0.0
375 0.002
374 0.001
373 0.001
372 0.001
371 0.001
370 0.0
369 0.001
368 0.001
367 0.0
366 0.0
365 0.001
364 0.001
363 0.001
362 0.001
361 0.002
360 0.0
359 0.0
358 0.001
357 0.001
356 0.0
355 0.0
354 0.001
352 0.002
351 0.0
350 0.001
349 0.001
348 0.0
347 0.002
346 0.0
345 0.001
344 0.001
343 0.001
342 0.002
341 0.002
340 0.001
338 0.0
337 0.0
336 0.0
335 0.001
334 0.001
333 0.0
332 0.001
331 0.001
330 0.0
329 0.001
328 0.001
327 0.002
326 0.001
325 0.002
324 0.001
323 0.001
322 0.002
321 0.001
320 0.0
319 0.002
318 0.0
317 0.001
316 0.0
315 0.001
314 0.001
313 0.001
312 0.0
311 0.0
310 0.001
309 0.001
308 0.001
307 0.001
306 0.001
305 0.001
304 0.001
303 0.001
302 0.001
301 0.001
300 0.002
299 0.002
298 0.003
297 0.001
296 0.001
295 0.001
294 0.001
293 0.001
292 0.002
291 0.002
290 0.001
289 0.001
288 0.002
287 0.002
286 0.002
285 0.002
284 0.002
283 0.001
282 0.0
281 0.001
280 0.002
279 0.001
278 0.002
277 0.002
276 0.002
275 0.002
274 0.002
273 0.002
272 0.002
271 0.003
270 0.003
269 0.003
268 0.002
267 0.002
266 0.003
265 0.003
264 0.003
263 0.002
262 0.003
261 0.003
260 0.003
259 0.002
258 0.002
257 0.003
256 0.002
255 0.002
254 0.003
253 0.003
252 0.001
251 0.003
250 0.001
249 0.002
248 0.002
247 0.001
246 0.003
245 0.001
244 0.002
243 0.003
242 0.002
241 0.003
240 0.005
239 0.0
238 0.003
237 0.003
236 0.003
235 0.003
234 0.003
233 0.003
232 0.002
231 0.003
230 0.002
229 0.003
228 0.003
227 0.003
226 0.003
225 0.003
224 0.002
223 0.004
222 0.005
221 0.002
220 0.003
219 0.002
218 0.004
217 0.003
216 0.004
215 0.003
214 0.003
213 0.005
212 0.005
211 0.003
210 0.005
209 0.003
208 0.003
207 0.004
206 0.004
205 0.005
204 0.005
203 0.003
202 0.004
201 0.005
200 0.005
199 0.004
198 0.003
197 0.004
196 0.006
195 0.002
194 0.006
193 0.006
192 0.004
191 0.005
190 0.006
189 0.004
188 0.003
187 0.006
186 0.004
185 0.004
184 0.006
183 0.004
182 0.005
181 0.005
180 0.004
179 0.007
178 0.005
177 0.004
176 0.005
175 0.006
174 0.007
173 0.004
172 0.005
171 0.005
170 0.004
169 0.003
168 0.005
167 0.005
166 0.004
165 0.006
164 0.008
163 0.006
162 0.005
161 0.005
160 0.006
159 0.006
158 0.004
157 0.005
156 0.006
155 0.004
154 0.004
153 0.005
152 0.007
151 0.005
150 0.007
149 0.006
148 0.004
147 0.006
146 0.005
145 0.008
144 0.005
143 0.006
142 0.007
141 0.006
140 0.006
139 0.005
138 0.005
137 0.005
136 0.006
135 0.006
134 0.005
133 0.005
132 0.005
131 0.004
130 0.006
129 0.006
128 0.005
127 0.004
126 0.007
125 0.007
124 0.006
123 0.004
122 0.006
121 0.005
120 0.004
119 0.002
118 0.005
117 0.005
116 0.004
115 0.006
114 0.004
113 0.007
112 0.003
111 0.006
110 0.004
109 0.005
108 0.005
107 0.004
106 0.006
105 0.004
104 0.004
103 0.003
102 0.004
101 0.003
100 0.004
99 0.005
98 0.004
97 0.003
96 0.004
95 0.004
94 0.003
93 0.002
92 0.002
91 0.003
90 0.001
89 0.003
88 0.003
87 0.003
86 0.004
85 0.002
84 0.003
83 0.002
82 0.003
81 0.003
80 0.002
79 0.002
78 0.001
77 0.002
76 0.002
75 0.002
74 0.001
73 0.003
72 0.001
71 0.002
70 0.001
69 0.001
68 0.001
67 0.001
66 0.0
65 0.002
64 0.001
63 0.0
61 0.001
60 0.001
59 0.001
58 0.002
57 0.001
56 0.001
55 0.001
54 0.0
53 0.001
52 0.001
51 0.001
49 0.0
48 0.001
47 0.001
46 0.0
45 0.001
44 0.0
43 0.0
42 0.001
41 0.0
40 0.0
39 0.0
38 0.0
37 0.0
36 0.0
33 0.0
32 0.001
31 0.0
29 0.0
28 0.0
27 0.0
26 0.0
25 0.0
24 0.0
22 0.0
21 0.0
19 0.0
11 0.0
1 0.0
